=== Run information ===

Scheme:       weka.classifiers.bayes.NaiveBayes 
Relation:     trainWeka-weka.filters.unsupervised.attribute.NumericToNominal-R2-202
Instances:    5000
Attributes:   202
              [list of attributes omitted]
Test mode:    10-fold cross-validation

=== Classifier model (full training set) ===

Naive Bayes Classifier

                            Class
Attribute                       0         1         2         3         4
                           (0.04)    (0.17)    (0.52)    (0.21)    (0.06)
==========================================================================
ID
  mean                      2535.8 2508.1893 2490.1204  2495.565 2543.7649
  std. dev.              1467.2918 1453.2408 1445.6869 1415.9757 1469.5042
  weight sum                   215       845      2608      1030       302
  precision                      1         1         1         1         1

foul
  0                          216.0     846.0    2608.0    1031.0     303.0
  1                            1.0       1.0       2.0       1.0       1.0
  [total]                    217.0     847.0    2610.0    1032.0     304.0

four
  0                          216.0     846.0    2608.0    1031.0     303.0
  1                            1.0       1.0       2.0       1.0       1.0
  [total]                    217.0     847.0    2610.0    1032.0     304.0

hanging
  0                          216.0     845.0    2609.0    1030.0     303.0
  1                            1.0       2.0       1.0       2.0       1.0
  [total]                    217.0     847.0    2610.0    1032.0     304.0

woody
  0                          216.0     843.0    2604.0    1031.0     302.0
  1                            1.0       4.0       6.0       1.0       2.0
  [total]                    217.0     847.0    2610.0    1032.0     304.0

comically
  0                          216.0     845.0    2609.0    1031.0     303.0
  1                            1.0       2.0       1.0       1.0       1.0
  [total]                    217.0     847.0    2610.0    1032.0     304.0

payoff
  0                          216.0     846.0    2607.0    1031.0     303.0
  1                            1.0       1.0       3.0       1.0       1.0
  [total]                    217.0     847.0    2610.0    1032.0     304.0

grenier
  0                          216.0     845.0    2609.0    1031.0     303.0
  1                            1.0       2.0       1.0       1.0       1.0
  [total]                    217.0     847.0    2610.0    1032.0     304.0

augustine
  0                          216.0     845.0    2609.0    1031.0     303.0
  1                            1.0       2.0       1.0       1.0       1.0
  [total]                    217.0     847.0    2610.0    1032.0     304.0

unanswered
  0                          216.0     846.0    2607.0    1031.0     303.0
  1                            1.0       1.0       3.0       1.0       1.0
  [total]                    217.0     847.0    2610.0    1032.0     304.0

originality
  0                          216.0     846.0    2608.0    1031.0     303.0
  1                            1.0       1.0       2.0       1.0       1.0
  [total]                    217.0     847.0    2610.0    1032.0     304.0

lore
  0                          216.0     846.0    2608.0    1030.0     303.0
  1                            1.0       1.0       2.0       2.0       1.0
  [total]                    217.0     847.0    2610.0    1032.0     304.0

lord
  0                          214.0     846.0    2609.0    1030.0     303.0
  1                            3.0       1.0       1.0       2.0       1.0
  [total]                    217.0     847.0    2610.0    1032.0     304.0

immature
  0                          216.0     846.0    2609.0    1031.0     302.0
  1                            1.0       1.0       1.0       1.0       2.0
  [total]                    217.0     847.0    2610.0    1032.0     304.0

levy
  0                          216.0     846.0    2609.0    1030.0     303.0
  1                            1.0       1.0       1.0       2.0       1.0
  [total]                    217.0     847.0    2610.0    1032.0     304.0

yellow
  0                          216.0     846.0    2609.0    1031.0     300.0
  1                            1.0       1.0       1.0       1.0       4.0
  [total]                    217.0     847.0    2610.0    1032.0     304.0

bringing
  0                          216.0     845.0    2609.0    1031.0     303.0
  1                            1.0       2.0       1.0       1.0       1.0
  [total]                    217.0     847.0    2610.0    1032.0     304.0

disturb
  0                          216.0     843.0    2607.0    1030.0     303.0
  1                            1.0       4.0       3.0       2.0       1.0
  [total]                    217.0     847.0    2610.0    1032.0     304.0

wooden
  0                          216.0     843.0    2606.0    1030.0     303.0
  1                            1.0       4.0       4.0       2.0       1.0
  [total]                    217.0     847.0    2610.0    1032.0     304.0

reliable
  0                          216.0     845.0    2609.0    1031.0     303.0
  1                            1.0       2.0       1.0       1.0       1.0
  [total]                    217.0     847.0    2610.0    1032.0     304.0

elegy
  0                          214.0     846.0    2609.0    1031.0     303.0
  1                            3.0       1.0       1.0       1.0       1.0
  [total]                    217.0     847.0    2610.0    1032.0     304.0

sturm
  0                          216.0     846.0    2608.0    1030.0     303.0
  1                            1.0       1.0       2.0       2.0       1.0
  [total]                    217.0     847.0    2610.0    1032.0     304.0

less-is-more
  0                          216.0     846.0    2609.0    1030.0     302.0
  1                            1.0       1.0       1.0       2.0       2.0
  [total]                    217.0     847.0    2610.0    1032.0     304.0

tired
  0                          216.0     846.0    2609.0    1030.0     303.0
  1                            1.0       1.0       1.0       2.0       1.0
  [total]                    217.0     847.0    2610.0    1032.0     304.0

big-wave
  0                          216.0     846.0    2608.0    1031.0     303.0
  1                            1.0       1.0       2.0       1.0       1.0
  [total]                    217.0     847.0    2610.0    1032.0     304.0

miller
  0                          216.0     846.0    2609.0    1030.0     303.0
  1                            1.0       1.0       1.0       2.0       1.0
  [total]                    217.0     847.0    2610.0    1032.0     304.0

elegant
  0                          216.0     846.0    2608.0    1031.0     303.0
  1                            1.0       1.0       2.0       1.0       1.0
  [total]                    217.0     847.0    2610.0    1032.0     304.0

second
  0                          216.0     846.0    2609.0    1030.0     303.0
  1                            1.0       1.0       1.0       2.0       1.0
  [total]                    217.0     847.0    2610.0    1032.0     304.0

shrugging
  0                          216.0     845.0    2609.0    1030.0     303.0
  1                            1.0       2.0       1.0       2.0       1.0
  [total]                    217.0     847.0    2610.0    1032.0     304.0

sterile
  0                          216.0     845.0    2609.0    1031.0     303.0
  1                            1.0       2.0       1.0       1.0       1.0
  [total]                    217.0     847.0    2610.0    1032.0     304.0

errors
  0                          215.0     846.0    2609.0    1031.0     303.0
  1                            2.0       1.0       1.0       1.0       1.0
  [total]                    217.0     847.0    2610.0    1032.0     304.0

ruthless
  0                          216.0     846.0    2608.0    1031.0     303.0
  1                            1.0       1.0       2.0       1.0       1.0
  [total]                    217.0     847.0    2610.0    1032.0     304.0

fingers
  0                          216.0     845.0    2609.0    1031.0     303.0
  1                            1.0       2.0       1.0       1.0       1.0
  [total]                    217.0     847.0    2610.0    1032.0     304.0

marching
  0                          216.0     846.0    2609.0    1028.0     301.0
  1                            1.0       1.0       1.0       4.0       3.0
  [total]                    217.0     847.0    2610.0    1032.0     304.0

shocks
  0                          216.0     846.0    2607.0    1031.0     303.0
  1                            1.0       1.0       3.0       1.0       1.0
  [total]                    217.0     847.0    2610.0    1032.0     304.0

widget
  0                          216.0     845.0    2609.0    1031.0     303.0
  1                            1.0       2.0       1.0       1.0       1.0
  [total]                    217.0     847.0    2610.0    1032.0     304.0

hero
  0                          216.0     846.0    2608.0    1031.0     303.0
  1                            1.0       1.0       2.0       1.0       1.0
  [total]                    217.0     847.0    2610.0    1032.0     304.0

avert
  0                          216.0     846.0    2609.0    1030.0     303.0
  1                            1.0       1.0       1.0       2.0       1.0
  [total]                    217.0     847.0    2610.0    1032.0     304.0

brit-com
  0                          216.0     845.0    2609.0    1031.0     303.0
  1                            1.0       2.0       1.0       1.0       1.0
  [total]                    217.0     847.0    2610.0    1032.0     304.0

china
  0                          215.0     845.0    2602.0    1024.0     301.0
  1                            2.0       2.0       8.0       8.0       3.0
  [total]                    217.0     847.0    2610.0    1032.0     304.0

cult
  0                          216.0     846.0    2609.0    1030.0     303.0
  1                            1.0       1.0       1.0       2.0       1.0
  [total]                    217.0     847.0    2610.0    1032.0     304.0

shriek
  0                          216.0     846.0    2608.0    1031.0     303.0
  1                            1.0       1.0       2.0       1.0       1.0
  [total]                    217.0     847.0    2610.0    1032.0     304.0

conversational
  0                          216.0     846.0    2608.0    1031.0     303.0
  1                            1.0       1.0       2.0       1.0       1.0
  [total]                    217.0     847.0    2610.0    1032.0     304.0

transfixes
  0                          215.0     846.0    2609.0    1031.0     303.0
  1                            2.0       1.0       1.0       1.0       1.0
  [total]                    217.0     847.0    2610.0    1032.0     304.0

kids
  0                          216.0     846.0    2608.0    1031.0     303.0
  1                            1.0       1.0       2.0       1.0       1.0
  [total]                    217.0     847.0    2610.0    1032.0     304.0

elaborate
  0                          216.0     846.0    2608.0    1031.0     303.0
  1                            1.0       1.0       2.0       1.0       1.0
  [total]                    217.0     847.0    2610.0    1032.0     304.0

reports
  0                          216.0     846.0    2607.0    1031.0     303.0
  1                            1.0       1.0       3.0       1.0       1.0
  [total]                    217.0     847.0    2610.0    1032.0     304.0

controversy
  0                          216.0     846.0    2608.0    1030.0     303.0
  1                            1.0       1.0       2.0       2.0       1.0
  [total]                    217.0     847.0    2610.0    1032.0     304.0

appropriately
  0                          216.0     846.0    2609.0    1030.0     303.0
  1                            1.0       1.0       1.0       2.0       1.0
  [total]                    217.0     847.0    2610.0    1032.0     304.0

projection
  0                          214.0     843.0    2609.0    1031.0     303.0
  1                            3.0       4.0       1.0       1.0       1.0
  [total]                    217.0     847.0    2610.0    1032.0     304.0

replace
  0                          216.0     845.0    2609.0    1031.0     303.0
  1                            1.0       2.0       1.0       1.0       1.0
  [total]                    217.0     847.0    2610.0    1032.0     304.0

brought
  0                          216.0     845.0    2609.0    1031.0     303.0
  1                            1.0       2.0       1.0       1.0       1.0
  [total]                    217.0     847.0    2610.0    1032.0     304.0

wizardry
  0                          216.0     844.0    2606.0    1030.0     303.0
  1                            1.0       3.0       4.0       2.0       1.0
  [total]                    217.0     847.0    2610.0    1032.0     304.0

best-selling
  0                          216.0     845.0    2608.0    1031.0     303.0
  1                            1.0       2.0       2.0       1.0       1.0
  [total]                    217.0     847.0    2610.0    1032.0     304.0

cannibal
  0                          216.0     846.0    2609.0    1029.0     302.0
  1                            1.0       1.0       1.0       3.0       2.0
  [total]                    217.0     847.0    2610.0    1032.0     304.0

music
  0                          216.0     845.0    2606.0    1029.0     303.0
  1                            1.0       2.0       4.0       3.0       1.0
  [total]                    217.0     847.0    2610.0    1032.0     304.0

therefore
  0                          216.0     846.0    2609.0    1030.0     302.0
  1                            1.0       1.0       1.0       2.0       2.0
  [total]                    217.0     847.0    2610.0    1032.0     304.0

distortions
  0                          216.0     846.0    2608.0    1031.0     303.0
  1                            1.0       1.0       2.0       1.0       1.0
  [total]                    217.0     847.0    2610.0    1032.0     304.0

strike
  0                          216.0     845.0    2609.0    1031.0     303.0
  1                            1.0       2.0       1.0       1.0       1.0
  [total]                    217.0     847.0    2610.0    1032.0     304.0

holy
  0                          216.0     846.0    2608.0    1031.0     303.0
  1                            1.0       1.0       2.0       1.0       1.0
  [total]                    217.0     847.0    2610.0    1032.0     304.0

successful
  0                          216.0     845.0    2609.0    1031.0     303.0
  1                            1.0       2.0       1.0       1.0       1.0
  [total]                    217.0     847.0    2610.0    1032.0     304.0

brings
  0                          216.0     845.0    2609.0    1031.0     303.0
  1                            1.0       2.0       1.0       1.0       1.0
  [total]                    217.0     847.0    2610.0    1032.0     304.0

hereby
  0                          216.0     845.0    2608.0    1031.0     303.0
  1                            1.0       2.0       2.0       1.0       1.0
  [total]                    217.0     847.0    2610.0    1032.0     304.0

whirling
  0                          215.0     846.0    2609.0    1031.0     303.0
  1                            2.0       1.0       1.0       1.0       1.0
  [total]                    217.0     847.0    2610.0    1032.0     304.0

scuzzy
  0                          216.0     846.0    2608.0    1031.0     303.0
  1                            1.0       1.0       2.0       1.0       1.0
  [total]                    217.0     847.0    2610.0    1032.0     304.0

hurt
  0                          216.0     846.0    2608.0    1031.0     303.0
  1                            1.0       1.0       2.0       1.0       1.0
  [total]                    217.0     847.0    2610.0    1032.0     304.0

ruminations
  0                          216.0     846.0    2609.0    1031.0     302.0
  1                            1.0       1.0       1.0       1.0       2.0
  [total]                    217.0     847.0    2610.0    1032.0     304.0

glass
  0                          216.0     844.0    2604.0    1030.0     303.0
  1                            1.0       3.0       6.0       2.0       1.0
  [total]                    217.0     847.0    2610.0    1032.0     304.0

midst
  0                          216.0     846.0    2608.0    1031.0     303.0
  1                            1.0       1.0       2.0       1.0       1.0
  [total]                    217.0     847.0    2610.0    1032.0     304.0

hold
  0                          216.0     846.0    2608.0    1031.0     303.0
  1                            1.0       1.0       2.0       1.0       1.0
  [total]                    217.0     847.0    2610.0    1032.0     304.0

circumstances
  0                          216.0     845.0    2609.0    1029.0     303.0
  1                            1.0       2.0       1.0       3.0       1.0
  [total]                    217.0     847.0    2610.0    1032.0     304.0

morally
  0                          216.0     845.0    2609.0    1031.0     303.0
  1                            1.0       2.0       1.0       1.0       1.0
  [total]                    217.0     847.0    2610.0    1032.0     304.0

huppert
  0                          216.0     846.0    2608.0    1031.0     303.0
  1                            1.0       1.0       2.0       1.0       1.0
  [total]                    217.0     847.0    2610.0    1032.0     304.0

self-styled
  0                          216.0     845.0    2609.0    1030.0     303.0
  1                            1.0       2.0       1.0       2.0       1.0
  [total]                    217.0     847.0    2610.0    1032.0     304.0

blade
  0                          216.0     845.0    2609.0    1031.0     303.0
  1                            1.0       2.0       1.0       1.0       1.0
  [total]                    217.0     847.0    2610.0    1032.0     304.0

example
  0                          216.0     846.0    2609.0    1029.0     303.0
  1                            1.0       1.0       1.0       3.0       1.0
  [total]                    217.0     847.0    2610.0    1032.0     304.0

owes
  0                          216.0     846.0    2608.0    1031.0     303.0
  1                            1.0       1.0       2.0       1.0       1.0
  [total]                    217.0     847.0    2610.0    1032.0     304.0

beautifully
  0                          216.0     846.0    2608.0    1031.0     303.0
  1                            1.0       1.0       2.0       1.0       1.0
  [total]                    217.0     847.0    2610.0    1032.0     304.0

dragons
  0                          216.0     845.0    2609.0    1031.0     303.0
  1                            1.0       2.0       1.0       1.0       1.0
  [total]                    217.0     847.0    2610.0    1032.0     304.0

bluescreen
  0                          216.0     846.0    2607.0    1030.0     303.0
  1                            1.0       1.0       3.0       2.0       1.0
  [total]                    217.0     847.0    2610.0    1032.0     304.0

want
  0                          216.0     846.0    2608.0    1027.0     302.0
  1                            1.0       1.0       2.0       5.0       2.0
  [total]                    217.0     847.0    2610.0    1032.0     304.0

gargantuan
  0                          216.0     845.0    2609.0    1031.0     303.0
  1                            1.0       2.0       1.0       1.0       1.0
  [total]                    217.0     847.0    2610.0    1032.0     304.0

absolute
  0                          216.0     846.0    2609.0    1030.0     303.0
  1                            1.0       1.0       1.0       2.0       1.0
  [total]                    217.0     847.0    2610.0    1032.0     304.0

poverty
  0                          216.0     846.0    2609.0    1030.0     303.0
  1                            1.0       1.0       1.0       2.0       1.0
  [total]                    217.0     847.0    2610.0    1032.0     304.0

complaining
  0                          216.0     846.0    2609.0    1029.0     303.0
  1                            1.0       1.0       1.0       3.0       1.0
  [total]                    217.0     847.0    2610.0    1032.0     304.0

gremlins
  0                          215.0     842.0    2597.0    1025.0     301.0
  1                            2.0       5.0      13.0       7.0       3.0
  [total]                    217.0     847.0    2610.0    1032.0     304.0

travel
  0                          216.0     845.0    2608.0    1031.0     303.0
  1                            1.0       2.0       2.0       1.0       1.0
  [total]                    217.0     847.0    2610.0    1032.0     304.0

feature
  0                          216.0     846.0    2609.0    1030.0     303.0
  1                            1.0       1.0       1.0       2.0       1.0
  [total]                    217.0     847.0    2610.0    1032.0     304.0

machine
  0                          216.0     845.0    2609.0    1031.0     303.0
  1                            1.0       2.0       1.0       1.0       1.0
  [total]                    217.0     847.0    2610.0    1032.0     304.0

methodology
  0                          216.0     846.0    2609.0    1030.0     303.0
  1                            1.0       1.0       1.0       2.0       1.0
  [total]                    217.0     847.0    2610.0    1032.0     304.0

hop
  0                          216.0     846.0    2608.0    1031.0     303.0
  1                            1.0       1.0       2.0       1.0       1.0
  [total]                    217.0     847.0    2610.0    1032.0     304.0

significance
  0                          216.0     845.0    2609.0    1031.0     303.0
  1                            1.0       2.0       1.0       1.0       1.0
  [total]                    217.0     847.0    2610.0    1032.0     304.0

double-barreled
  0                          216.0     846.0    2609.0    1030.0     303.0
  1                            1.0       1.0       1.0       2.0       1.0
  [total]                    217.0     847.0    2610.0    1032.0     304.0

oscar-size
  0                          216.0     846.0    2608.0    1031.0     302.0
  1                            1.0       1.0       2.0       1.0       2.0
  [total]                    217.0     847.0    2610.0    1032.0     304.0

classify
  0                          216.0     846.0    2608.0    1029.0     303.0
  1                            1.0       1.0       2.0       3.0       1.0
  [total]                    217.0     847.0    2610.0    1032.0     304.0

beauty
  0                          216.0     845.0    2608.0    1031.0     303.0
  1                            1.0       2.0       2.0       1.0       1.0
  [total]                    217.0     847.0    2610.0    1032.0     304.0

cuisine
  0                          216.0     845.0    2608.0    1031.0     303.0
  1                            1.0       2.0       2.0       1.0       1.0
  [total]                    217.0     847.0    2610.0    1032.0     304.0

shores
  0                          215.0     846.0    2609.0    1031.0     303.0
  1                            2.0       1.0       1.0       1.0       1.0
  [total]                    217.0     847.0    2610.0    1032.0     304.0

wrong
  0                          216.0     846.0    2608.0    1031.0     303.0
  1                            1.0       1.0       2.0       1.0       1.0
  [total]                    217.0     847.0    2610.0    1032.0     304.0

destined
  0                          216.0     845.0    2609.0    1031.0     303.0
  1                            1.0       2.0       1.0       1.0       1.0
  [total]                    217.0     847.0    2610.0    1032.0     304.0

chump
  0                          216.0     846.0    2607.0    1031.0     303.0
  1                            1.0       1.0       3.0       1.0       1.0
  [total]                    217.0     847.0    2610.0    1032.0     304.0

types
  0                          216.0     846.0    2606.0    1031.0     303.0
  1                            1.0       1.0       4.0       1.0       1.0
  [total]                    217.0     847.0    2610.0    1032.0     304.0

effective
  0                          216.0     845.0    2609.0    1031.0     303.0
  1                            1.0       2.0       1.0       1.0       1.0
  [total]                    217.0     847.0    2610.0    1032.0     304.0

wins
  0                          216.0     846.0    2608.0    1031.0     303.0
  1                            1.0       1.0       2.0       1.0       1.0
  [total]                    217.0     847.0    2610.0    1032.0     304.0

fleetingly
  0                          215.0     846.0    2606.0    1030.0     303.0
  1                            2.0       1.0       4.0       2.0       1.0
  [total]                    217.0     847.0    2610.0    1032.0     304.0

subplots
  0                          216.0     846.0    2608.0    1031.0     303.0
  1                            1.0       1.0       2.0       1.0       1.0
  [total]                    217.0     847.0    2610.0    1032.0     304.0

sickening
  0                          216.0     846.0    2608.0    1031.0     303.0
  1                            1.0       1.0       2.0       1.0       1.0
  [total]                    217.0     847.0    2610.0    1032.0     304.0

baggage
  0                          216.0     846.0    2609.0    1030.0     303.0
  1                            1.0       1.0       1.0       2.0       1.0
  [total]                    217.0     847.0    2610.0    1032.0     304.0

keeps
  0                          216.0     845.0    2609.0    1031.0     303.0
  1                            1.0       2.0       1.0       1.0       1.0
  [total]                    217.0     847.0    2610.0    1032.0     304.0

wind
  0                          216.0     846.0    2607.0    1027.0     301.0
  1                            1.0       1.0       3.0       5.0       3.0
  [total]                    217.0     847.0    2610.0    1032.0     304.0

bug-eyed
  0                          216.0     846.0    2609.0    1030.0     302.0
  1                            1.0       1.0       1.0       2.0       2.0
  [total]                    217.0     847.0    2610.0    1032.0     304.0

vary
  0                          216.0     845.0    2609.0    1031.0     303.0
  1                            1.0       2.0       1.0       1.0       1.0
  [total]                    217.0     847.0    2610.0    1032.0     304.0

sidekicks
  0                          216.0     846.0    2609.0    1030.0     303.0
  1                            1.0       1.0       1.0       2.0       1.0
  [total]                    217.0     847.0    2610.0    1032.0     304.0

semi-autobiographical
  0                          216.0     845.0    2609.0    1031.0     303.0
  1                            1.0       2.0       1.0       1.0       1.0
  [total]                    217.0     847.0    2610.0    1032.0     304.0

conned
  0                          216.0     845.0    2609.0    1030.0     303.0
  1                            1.0       2.0       1.0       2.0       1.0
  [total]                    217.0     847.0    2610.0    1032.0     304.0

wickedly
  0                          216.0     846.0    2608.0    1031.0     303.0
  1                            1.0       1.0       2.0       1.0       1.0
  [total]                    217.0     847.0    2610.0    1032.0     304.0

fit
  0                          216.0     846.0    2606.0    1029.0     303.0
  1                            1.0       1.0       4.0       3.0       1.0
  [total]                    217.0     847.0    2610.0    1032.0     304.0

heretofore
  0                          216.0     846.0    2608.0    1031.0     303.0
  1                            1.0       1.0       2.0       1.0       1.0
  [total]                    217.0     847.0    2610.0    1032.0     304.0

fix
  0                          216.0     845.0    2608.0    1031.0     303.0
  1                            1.0       2.0       2.0       1.0       1.0
  [total]                    217.0     847.0    2610.0    1032.0     304.0

intelligentsia
  0                          216.0     846.0    2607.0    1031.0     303.0
  1                            1.0       1.0       3.0       1.0       1.0
  [total]                    217.0     847.0    2610.0    1032.0     304.0

survivors
  0                          216.0     844.0    2606.0    1031.0     303.0
  1                            1.0       3.0       4.0       1.0       1.0
  [total]                    217.0     847.0    2610.0    1032.0     304.0

matured
  0                          215.0     845.0    2600.0    1029.0     299.0
  1                            2.0       2.0      10.0       3.0       5.0
  [total]                    217.0     847.0    2610.0    1032.0     304.0

hidden
  0                          216.0     846.0    2608.0    1030.0     303.0
  1                            1.0       1.0       2.0       2.0       1.0
  [total]                    217.0     847.0    2610.0    1032.0     304.0

admirable
  0                          216.0     845.0    2609.0    1031.0     303.0
  1                            1.0       2.0       1.0       1.0       1.0
  [total]                    217.0     847.0    2610.0    1032.0     304.0

easier
  0                          216.0     844.0    2608.0    1031.0     303.0
  1                            1.0       3.0       2.0       1.0       1.0
  [total]                    217.0     847.0    2610.0    1032.0     304.0

undercut
  0                          216.0     845.0    2606.0    1031.0     303.0
  1                            1.0       2.0       4.0       1.0       1.0
  [total]                    217.0     847.0    2610.0    1032.0     304.0

zoning
  0                          216.0     843.0    2606.0    1030.0     303.0
  1                            1.0       4.0       4.0       2.0       1.0
  [total]                    217.0     847.0    2610.0    1032.0     304.0

effects
  0                          216.0     846.0    2609.0    1030.0     303.0
  1                            1.0       1.0       1.0       2.0       1.0
  [total]                    217.0     847.0    2610.0    1032.0     304.0

kiddie-oriented
  0                          216.0     845.0    2609.0    1031.0     303.0
  1                            1.0       2.0       1.0       1.0       1.0
  [total]                    217.0     847.0    2610.0    1032.0     304.0

silver
  0                          216.0     846.0    2609.0    1030.0     303.0
  1                            1.0       1.0       1.0       2.0       1.0
  [total]                    217.0     847.0    2610.0    1032.0     304.0

represents
  0                          216.0     845.0    2609.0    1031.0     302.0
  1                            1.0       2.0       1.0       1.0       2.0
  [total]                    217.0     847.0    2610.0    1032.0     304.0

clobbering
  0                          216.0     845.0    2609.0    1031.0     303.0
  1                            1.0       2.0       1.0       1.0       1.0
  [total]                    217.0     847.0    2610.0    1032.0     304.0

debut
  0                          216.0     845.0    2608.0    1030.0     303.0
  1                            1.0       2.0       2.0       2.0       1.0
  [total]                    217.0     847.0    2610.0    1032.0     304.0

arrow
  0                          216.0     846.0    2609.0    1028.0     300.0
  1                            1.0       1.0       1.0       4.0       4.0
  [total]                    217.0     847.0    2610.0    1032.0     304.0

volcano
  0                          216.0     845.0    2609.0    1031.0     303.0
  1                            1.0       2.0       1.0       1.0       1.0
  [total]                    217.0     847.0    2610.0    1032.0     304.0

interfering
  0                          216.0     845.0    2609.0    1031.0     303.0
  1                            1.0       2.0       1.0       1.0       1.0
  [total]                    217.0     847.0    2610.0    1032.0     304.0

reputedly
  0                          215.0     846.0    2609.0    1031.0     303.0
  1                            2.0       1.0       1.0       1.0       1.0
  [total]                    217.0     847.0    2610.0    1032.0     304.0

series
  0                          216.0     846.0    2608.0    1030.0     303.0
  1                            1.0       1.0       2.0       2.0       1.0
  [total]                    217.0     847.0    2610.0    1032.0     304.0

fang-baring
  0                          216.0     846.0    2608.0    1031.0     303.0
  1                            1.0       1.0       2.0       1.0       1.0
  [total]                    217.0     847.0    2610.0    1032.0     304.0

yiddish
  0                          216.0     845.0    2607.0    1031.0     303.0
  1                            1.0       2.0       3.0       1.0       1.0
  [total]                    217.0     847.0    2610.0    1032.0     304.0

ages-old
  0                          214.0     842.0    2605.0    1031.0     303.0
  1                            3.0       5.0       5.0       1.0       1.0
  [total]                    217.0     847.0    2610.0    1032.0     304.0

message
  0                          216.0     845.0    2609.0    1031.0     303.0
  1                            1.0       2.0       1.0       1.0       1.0
  [total]                    217.0     847.0    2610.0    1032.0     304.0

whip
  0                          216.0     846.0    2608.0    1031.0     303.0
  1                            1.0       1.0       2.0       1.0       1.0
  [total]                    217.0     847.0    2610.0    1032.0     304.0

misfortune
  0                          216.0     845.0    2605.0    1030.0     303.0
  1                            1.0       2.0       5.0       2.0       1.0
  [total]                    217.0     847.0    2610.0    1032.0     304.0

oprah
  0                          216.0     846.0    2609.0    1030.0     303.0
  1                            1.0       1.0       1.0       2.0       1.0
  [total]                    217.0     847.0    2610.0    1032.0     304.0

smirk
  0                          216.0     846.0    2607.0    1031.0     303.0
  1                            1.0       1.0       3.0       1.0       1.0
  [total]                    217.0     847.0    2610.0    1032.0     304.0

nourishing
  0                          216.0     846.0    2608.0    1031.0     302.0
  1                            1.0       1.0       2.0       1.0       2.0
  [total]                    217.0     847.0    2610.0    1032.0     304.0

heavy-duty
  0                          216.0     846.0    2608.0    1031.0     303.0
  1                            1.0       1.0       2.0       1.0       1.0
  [total]                    217.0     847.0    2610.0    1032.0     304.0

zap
  0                          216.0     846.0    2608.0    1030.0     303.0
  1                            1.0       1.0       2.0       2.0       1.0
  [total]                    217.0     847.0    2610.0    1032.0     304.0

cheerfully
  0                          216.0     845.0    2609.0    1031.0     303.0
  1                            1.0       2.0       1.0       1.0       1.0
  [total]                    217.0     847.0    2610.0    1032.0     304.0

dust-caked
  0                          216.0     846.0    2608.0    1030.0     303.0
  1                            1.0       1.0       2.0       2.0       1.0
  [total]                    217.0     847.0    2610.0    1032.0     304.0

assured
  0                          216.0     845.0    2608.0    1027.0     303.0
  1                            1.0       2.0       2.0       5.0       1.0
  [total]                    217.0     847.0    2610.0    1032.0     304.0

written
  0                          216.0     845.0    2609.0    1031.0     303.0
  1                            1.0       2.0       1.0       1.0       1.0
  [total]                    217.0     847.0    2610.0    1032.0     304.0

threatened
  0                          215.0     842.0    2605.0    1031.0     303.0
  1                            2.0       5.0       5.0       1.0       1.0
  [total]                    217.0     847.0    2610.0    1032.0     304.0

assures
  0                          216.0     846.0    2607.0    1030.0     303.0
  1                            1.0       1.0       3.0       2.0       1.0
  [total]                    217.0     847.0    2610.0    1032.0     304.0

enormous
  0                          216.0     845.0    2609.0    1030.0     303.0
  1                            1.0       2.0       1.0       2.0       1.0
  [total]                    217.0     847.0    2610.0    1032.0     304.0

exposing
  0                          216.0     846.0    2607.0    1030.0     303.0
  1                            1.0       1.0       3.0       2.0       1.0
  [total]                    217.0     847.0    2610.0    1032.0     304.0

sickeningly
  0                          216.0     846.0    2608.0    1031.0     303.0
  1                            1.0       1.0       2.0       1.0       1.0
  [total]                    217.0     847.0    2610.0    1032.0     304.0

family-friendly
  0                          212.0     844.0    2607.0    1029.0     301.0
  1                            5.0       3.0       3.0       3.0       3.0
  [total]                    217.0     847.0    2610.0    1032.0     304.0

speedy
  0                          216.0     845.0    2609.0    1030.0     302.0
  1                            1.0       2.0       1.0       2.0       2.0
  [total]                    217.0     847.0    2610.0    1032.0     304.0

tempting
  0                          216.0     846.0    2608.0    1030.0     303.0
  1                            1.0       1.0       2.0       2.0       1.0
  [total]                    217.0     847.0    2610.0    1032.0     304.0

1970s
  0                          216.0     846.0    2608.0    1031.0     303.0
  1                            1.0       1.0       2.0       1.0       1.0
  [total]                    217.0     847.0    2610.0    1032.0     304.0

r.
  0                          216.0     846.0    2608.0    1031.0     303.0
  1                            1.0       1.0       2.0       1.0       1.0
  [total]                    217.0     847.0    2610.0    1032.0     304.0

unflappable
  0                          216.0     845.0    2609.0    1031.0     303.0
  1                            1.0       2.0       1.0       1.0       1.0
  [total]                    217.0     847.0    2610.0    1032.0     304.0

subtlety
  0                          216.0     846.0    2608.0    1031.0     303.0
  1                            1.0       1.0       2.0       1.0       1.0
  [total]                    217.0     847.0    2610.0    1032.0     304.0

veggie
  0                          216.0     845.0    2607.0    1029.0     301.0
  1                            1.0       2.0       3.0       3.0       3.0
  [total]                    217.0     847.0    2610.0    1032.0     304.0

wash
  0                          216.0     845.0    2609.0    1031.0     303.0
  1                            1.0       2.0       1.0       1.0       1.0
  [total]                    217.0     847.0    2610.0    1032.0     304.0

seinfeld
  0                          216.0     846.0    2609.0    1030.0     302.0
  1                            1.0       1.0       1.0       2.0       2.0
  [total]                    217.0     847.0    2610.0    1032.0     304.0

movie-biz
  0                          216.0     846.0    2609.0    1031.0     302.0
  1                            1.0       1.0       1.0       1.0       2.0
  [total]                    217.0     847.0    2610.0    1032.0     304.0

clarity
  0                          216.0     846.0    2608.0    1031.0     303.0
  1                            1.0       1.0       2.0       1.0       1.0
  [total]                    217.0     847.0    2610.0    1032.0     304.0

bitten
  0                          216.0     845.0    2609.0    1031.0     303.0
  1                            1.0       2.0       1.0       1.0       1.0
  [total]                    217.0     847.0    2610.0    1032.0     304.0

basketball
  0                          216.0     846.0    2608.0    1031.0     303.0
  1                            1.0       1.0       2.0       1.0       1.0
  [total]                    217.0     847.0    2610.0    1032.0     304.0

service
  0                          216.0     844.0    2608.0    1029.0     303.0
  1                            1.0       3.0       2.0       3.0       1.0
  [total]                    217.0     847.0    2610.0    1032.0     304.0

similarly
  0                          216.0     845.0    2606.0    1024.0     302.0
  1                            1.0       2.0       4.0       8.0       2.0
  [total]                    217.0     847.0    2610.0    1032.0     304.0

disease-of
  0                          216.0     846.0    2609.0    1030.0     303.0
  1                            1.0       1.0       1.0       2.0       1.0
  [total]                    217.0     847.0    2610.0    1032.0     304.0

ruins
  0                          216.0     845.0    2609.0    1031.0     303.0
  1                            1.0       2.0       1.0       1.0       1.0
  [total]                    217.0     847.0    2610.0    1032.0     304.0

monsterous
  0                          216.0     844.0    2609.0    1031.0     303.0
  1                            1.0       3.0       1.0       1.0       1.0
  [total]                    217.0     847.0    2610.0    1032.0     304.0

needed
  0                          216.0     846.0    2608.0    1031.0     303.0
  1                            1.0       1.0       2.0       1.0       1.0
  [total]                    217.0     847.0    2610.0    1032.0     304.0

master
  0                          216.0     846.0    2609.0    1029.0     303.0
  1                            1.0       1.0       1.0       3.0       1.0
  [total]                    217.0     847.0    2610.0    1032.0     304.0

switchblade
  0                          216.0     846.0    2608.0    1031.0     303.0
  1                            1.0       1.0       2.0       1.0       1.0
  [total]                    217.0     847.0    2610.0    1032.0     304.0

bitter
  0                          216.0     845.0    2609.0    1031.0     303.0
  1                            1.0       2.0       1.0       1.0       1.0
  [total]                    217.0     847.0    2610.0    1032.0     304.0

listen
  0                          215.0     846.0    2609.0    1031.0     303.0
  1                            2.0       1.0       1.0       1.0       1.0
  [total]                    217.0     847.0    2610.0    1032.0     304.0

snoots
  0                          216.0     846.0    2609.0    1031.0     302.0
  1                            1.0       1.0       1.0       1.0       2.0
  [total]                    217.0     847.0    2610.0    1032.0     304.0

rewards
  0                          216.0     846.0    2608.0    1031.0     303.0
  1                            1.0       1.0       2.0       1.0       1.0
  [total]                    217.0     847.0    2610.0    1032.0     304.0

geneva
  0                          216.0     846.0    2609.0    1030.0     303.0
  1                            1.0       1.0       1.0       2.0       1.0
  [total]                    217.0     847.0    2610.0    1032.0     304.0

predictably
  0                          216.0     846.0    2608.0    1027.0     303.0
  1                            1.0       1.0       2.0       5.0       1.0
  [total]                    217.0     847.0    2610.0    1032.0     304.0

wide-smiling
  0                          216.0     846.0    2608.0    1031.0     303.0
  1                            1.0       1.0       2.0       1.0       1.0
  [total]                    217.0     847.0    2610.0    1032.0     304.0

wisdom
  0                          215.0     843.0    2606.0    1031.0     303.0
  1                            2.0       4.0       4.0       1.0       1.0
  [total]                    217.0     847.0    2610.0    1032.0     304.0

predictable
  0                          216.0     846.0    2609.0    1030.0     303.0
  1                            1.0       1.0       1.0       2.0       1.0
  [total]                    217.0     847.0    2610.0    1032.0     304.0

legally
  0                          216.0     845.0    2609.0    1031.0     303.0
  1                            1.0       2.0       1.0       1.0       1.0
  [total]                    217.0     847.0    2610.0    1032.0     304.0

zany
  0                          216.0     846.0    2609.0    1031.0     302.0
  1                            1.0       1.0       1.0       1.0       2.0
  [total]                    217.0     847.0    2610.0    1032.0     304.0

trek
  0                          216.0     846.0    2607.0    1031.0     303.0
  1                            1.0       1.0       3.0       1.0       1.0
  [total]                    217.0     847.0    2610.0    1032.0     304.0

tree
  0                          216.0     846.0    2608.0    1030.0     303.0
  1                            1.0       1.0       2.0       2.0       1.0
  [total]                    217.0     847.0    2610.0    1032.0     304.0

project
  0                          216.0     846.0    2607.0    1031.0     303.0
  1                            1.0       1.0       3.0       1.0       1.0
  [total]                    217.0     847.0    2610.0    1032.0     304.0

endure
  0                          216.0     846.0    2608.0    1031.0     303.0
  1                            1.0       1.0       2.0       1.0       1.0
  [total]                    217.0     847.0    2610.0    1032.0     304.0

feeling
  0                          216.0     845.0    2609.0    1031.0     303.0
  1                            1.0       2.0       1.0       1.0       1.0
  [total]                    217.0     847.0    2610.0    1032.0     304.0

acclaim
  0                          216.0     845.0    2608.0    1031.0     303.0
  1                            1.0       2.0       2.0       1.0       1.0
  [total]                    217.0     847.0    2610.0    1032.0     304.0

willingness
  0                          215.0     846.0    2607.0    1031.0     303.0
  1                            2.0       1.0       3.0       1.0       1.0
  [total]                    217.0     847.0    2610.0    1032.0     304.0

earnhart
  0                          216.0     844.0    2608.0    1028.0     302.0
  1                            1.0       3.0       2.0       4.0       2.0
  [total]                    217.0     847.0    2610.0    1032.0     304.0

runner
  0                          216.0     846.0    2607.0    1031.0     303.0
  1                            1.0       1.0       3.0       1.0       1.0
  [total]                    217.0     847.0    2610.0    1032.0     304.0

boston
  0                          216.0     845.0    2605.0    1029.0     302.0
  1                            1.0       2.0       5.0       3.0       2.0
  [total]                    217.0     847.0    2610.0    1032.0     304.0



Time taken to build model: 0.05 seconds

=== Stratified cross-validation ===
=== Summary ===

Correctly Classified Instances        2599               51.98   %
Incorrectly Classified Instances      2401               48.02   %
Kappa statistic                          0.0171
Mean absolute error                      0.2497
Root mean squared error                  0.3622
Relative absolute error                 95.7892 %
Root relative squared error            100.3322 %
Total Number of Instances             5000     

=== Detailed Accuracy By Class ===

                 TP Rate  FP Rate  Precision  Recall   F-Measure  MCC      ROC Area  PRC Area  Class
                 0.000    0.002    0.000      0.000    0.000      -0.009   0.487     0.051     0
                 0.006    0.008    0.125      0.006    0.011      -0.011   0.495     0.180     1
                 0.980    0.960    0.527      0.980    0.685      0.058    0.504     0.514     2
                 0.035    0.015    0.383      0.035    0.064      0.061    0.509     0.224     3
                 0.010    0.001    0.500      0.010    0.019      0.064    0.488     0.071     4
Weighted Avg.    0.520    0.505    0.405      0.520    0.374      0.045    0.502     0.351     

=== Confusion Matrix ===

    a    b    c    d    e   <-- classified as
    0    2  210    3    0 |    a = 0
    3    5  825   11    1 |    b = 1
    2   23 2555   28    0 |    c = 2
    3    9  980   36    2 |    d = 3
    1    1  281   16    3 |    e = 4